   7      11      15      39      59      63      67      71         
  95      99     103     107     115     119     131     135       
 143     151     155     167     175     179     183     203      
 215     219     223     235     239     247     255     259      
 267     271     283     287     291     295     311     327       
 347     355     363     371     375     379     383     399     
 407     415     419     427     431     435     439     447     
 455     483     491     495     503     507     519     527     
 535     539     555     567     571     579     587     599     
 603     615     619     627     635     643     651     683     
 687     691     695     699     707     711     731     735     
 743     763     767     771     791     803     807     811     
 815     823     827     831     839     843     855     863     
 867     871     879     883     903     907     923     927     
 931     935     939     947     955     959     987     995    1035    1047    1055    1063    1071    1091    1095    1111    1135    1139    1151    1203    1215    1219    1223    1227    1259    1275    1279    1283    1287    1291    1307    1315    1327    1343    1359    1371    1375    1379    1383    1387    1391    1399    1403    1411    1431    1439    1467    1479    1483    1487    1495    1503    1507    1511    1515    1523    1527    1531    1535    1547    1563    1567    1575    1579    1583    1587    1595    1603    1607    1615    1639    1643    1647    1655    1659    1663    1671    1675    1687    1691    1695    1699    1703    1707    1723    1727    1731    1743    1751    1755    1771    1779    1783    1795    1827    1835    1839    1843    1847    1851    1863    1867    1871    1875    1891    1903    1911    1923    1931    1943    1947    1963    1975    1991    1999    2003    2007    2011    2015    2019    2023    2035    2039    2047    2055    2063    2079    2091    2095    2099    2103    2111    2115    2123    2127    2131    2135    2139    2143    2151    2171    2191    2207    2211    2215    2223    2231    2239    2243    2251    2255    2259    2275    2279    2287    2291    2299    2307    2315    2319    2327    2331    2335    2339    2343    2355    2359    2371    2375    2383    2387    2391    2395    2403    2427    2431    2435    2439    2447    2471    2479    2487    2491    2507    2511    2515    2539    2543    2547    2555    2559    2571    2575    2583    2611    2619    2623    2643    2647    2655    2667    2703    2715    2719    2723    2731    2735    2747    2755    2759    2763    2771    2779    2783    2787    2791    2795    2799    2803    2819    2823    2831    2839    2847    2851    2859    2867    2883    2891    2899    2915    2919    2923    2943    2947    2955    2959    2967    2971    2975    2983    2987    2991    3007    3027    3031    3047    3055    3059    3063    3067    3087    3099    3111    3115    3123    3135    3143    3147    3155    3163    3191    3195    3207    3211    3215    3223    3235    3239    3243    3247    3267    3283    3287    3295    3299    3311    3315    3319    3323    3327    3355    3359    3379    3387    3391    3395    3411    3419    3423    3427    3447    3451    3455    3459    3479    3483    3487    3511    3515    3519    3527    3531    3539    3543    3547    3559    3571    3575    3587    3591    3595    3615    3619    3631    3635    3639    3643    3667    3687    3691    3695    3703    3711    3739    3747    3751    3767    3779    3787    3795    3803    3807    3811    3815    3819    3827    3839    3851    3863    3879    3883    3887    3891    3895    3903    3907    3911    3923    3927    3931    3935    3939    3947    3951    3971    3975    3979    3987    3999    4007    4011    4023    4047    4051    4063    4075    4083    4091    4099    4115    4119    4123    4127    4131    4139    4143    4147    4151    4171    4175    4179    4183    4187    4207    4219    4223    4235    4243    4255    4259    4267    4283    4287    4295    4303    4307    4323    4327    4339    4347    4359    4371    4375    4395    4399    4403    4411    4415    4419    4427    4431    4435    4439    4447    4455    4463    4483    4491    4499    4507    4519    4539    4547    4555    4559    4563    4567    4571    4575    4583    4595    4607    4611    4619    4627    4639    4643    4647    4655    4659    4671    4679    4687    4691    4703    4707    4719    4727    4735    4743    4751    4755    4759    4763    4767    4771    4775    4799    4811    4815    4819    4823    4835    4843    4851    4855    4871    4875    4879    4883    4891    4915    4931    4943    4947    4955    4971    4983    4987    4991    4995    5007    5011    5015    5039    5047    5059    5063    5067    5071    5075    5079    5087    5095    5099    5103    5107    5111    5115    5119    5123    5127    5135    5139    5147    5155    5163    5171    5175    5179    5183    5195    5199    5203    5211    5215    5219    5223    5227    5239    5243    5255    5259    5263    5267    5271    5279    5287    5291    5295    5303    5307    5327    5331    5339    5343    5347    5351    5359    5367    5391    5395    5399    5407    5415    5419    5431    5435    5443    5447    5451    5459    5463    5491    5503    5511    5515    5519    5523    5531    5539    5543    5547    5551    5555    5559    5567    5571    5587    5595    5615    5635    5639    5647    5651    5655    5667    5687    5695    5715    5719    5727    5731    5747    5763    5775    5779    5807    5811    5815    5831    5835    5843    5855    5859    5863    5871    5883    5887    5895    5899    5903    5907    5911    5915    5919    5951    5955    5975    5979    5983    5991    5995    6003    6011    6015    6023    6035    6047    6051    6055    6063    6067    6075    6079    6083    6091    6123    6127    6139    6147    6155    6163    6171    6179    6183    6203    6215    6243    6251    6255    6259    6271    6275    6279    6291    6295    6299    6315    6323    6331    6359    6363    6367    6379    6391    6399    6407    6419    6443    6447    6459    6463    6475    6495    6503    6511    6515    6519    6539    6547    6551    6555    6559    6563    6571    6579    6595    6599    6615    6619    6623    6627    6631    6647    6659    6663    6675    6683    6687    6691    6695    6699    6703    6711    6723    6727    6731    6747    6755    6759    6767    6771    6775    6779    6783    6787    6791    6795    6803    6807    6823    6835    6839    6847    6863    6871    6903    6907    6911    6923    6931    6939    6951    6959    6967    6971    6975    6983    6991    6999    7003    7007    7023    7027    7031    7035    7047    7059    7075    7091    7095    7099    7107    7111    7115    7119    7131    7135    7139    7147    7167    7171    7175    7179    7187    7191    7199    7203    7215    7223    7227    7235    7247    7255    7267    7271    7275    7279    7283    7295    7299    7315    7323    7327    7347    7351    7355    7359    7367    7371    7375    7387    7399    7403    7427    7431    7435    7439    7443    7447    7459    7463    7467    7471    7479    7495    7499    7503    7511    7527    7531    7535    7539    7559    7563    7567    7571    7587    7591    7595    7599    7603    7619    7631    7647    7651    7659    7663    7675    7679    7695    7699    7703    7707    7719    7723    7743    7747    7751    7755    7759    7767    7771    7775    7779    7795    7803    7811    7815    7819    7823    7827    7831    7839    7851    7855    7859    7867    7871    7879    7887    7895    7919    7927    7931    7939    7943    7951    7963    7967    7971    7995    8011    8015    8039    8051    8055    8063    8079    8087    8091    8099    8111    8115    8123    8127    8131    8135    8139    8151    8155    8163    8167    8175    8183    8191
