7
3 4 5
a b c d e f g h i j k l m n o p q r s t u v w x y z @ _ - .
(0 0 0)
(0 1 0)
(0 2 0)
(0 3 0)
(0 4 0)
(0 5 0)
(0 6 0)
(0 7 0)
(0 8 0)
(0 9 0)
(0 a 0)
(0 a 0)
(0 b 0)
(0 c 0)
(0 d 0)
(0 e 0)
(0 f 0)
(0 g 0)
(0 h 0)
(0 i 0)
(0 j 0)
(0 k 0)
(0 l 0)
(0 m 0)
(0 n 0)
(0 o 0)
(0 p 0)
(0 q 0)
(0 r 0)
(0 s 0)
(0 t 0)
(0 u 0)
(0 v 0)
(0 w 0)
(0 x 0)
(0 y 0)
(0 z 0)
(0 . 0)
(0 - 0)
(0 _ 0)
(0 @ 1)
(1 0 0)
(1 1 0)
(1 2 0)
(1 3 0)
(1 4 0)
(1 5 0)
(1 6 0)
(1 7 0)
(1 8 0)
(1 9 0)
(1 a 1)
(1 b 1)
(1 c 1)
(1 d 1)
(1 e 1)
(1 f 1)
(1 g 1)
(1 h 1)
(1 i 1)
(1 j 1)
(1 k 1)
(1 l 1)
(1 m 1)
(1 n 1)
(1 o 1)
(1 p 1)
(1 q 1)
(1 r 1)
(1 s 1)
(1 t 1)
(1 u 1)
(1 v 1)
(1 w 1)
(1 x 1)
(1 y 1)
(1 z 1)
(1 _ 1)
(1 - 1)
(1 . 2)
(1 @ 3)
(2 0 6)
(2 1 6)
(2 2 6)
(2 3 6)
(2 4 6)
(2 5 6)
(2 6 6)
(2 7 6)
(2 8 6)
(2 9 6)
(2 a 3)
(2 b 3)
(2 c 3)
(2 d 3)
(2 e 3)
(2 f 3)
(2 g 3)
(2 h 3)
(2 i 3)
(2 j 3)
(2 k 3)
(2 l 3)
(2 m 3)
(2 n 3)
(2 o 3)
(2 p 3)
(2 q 3)
(2 r 3)
(2 s 3)
(2 t 3)
(2 u 3)
(2 v 3)
(2 w 3)
(2 x 3)
(2 y 3)
(2 z 3)
(2 a 3)
(2 @ 6)
(2 . 6)
(2 _ 6)
(2 - 6)
(3 0 6)
(3 1 6)
(3 2 6)
(3 3 6)
(3 4 6)
(3 5 6)
(3 6 6)
(3 7 6)
(3 8 6)
(3 9 6)
(3 a 4)
(3 b 4)
(3 c 4)
(3 d 4)
(3 e 4)
(3 f 4)
(3 g 4)
(3 h 4)
(3 i 4)
(3 j 4)
(3 k 4)
(3 l 4)
(3 m 4)
(3 n 4)
(3 o 4)
(3 p 4)
(3 q 4)
(3 r 4)
(3 s 4)
(3 t 4)
(3 u 4)
(3 v 4)
(3 w 4)
(3 x 4)
(3 y 4)
(3 z 4)
(3 _ 6)
(3 - 6)
(3 . 6)
(3 @ 6)
(4 0 6)
(4 1 6)
(4 2 6)
(4 3 6)
(4 4 6)
(4 5 6)
(4 6 6)
(4 7 6)
(4 8 6)
(4 9 6)
(4 a 5)
(4 b 5)
(4 c 5)
(4 d 5)
(4 e 5)
(4 f 5)
(4 g 5)
(4 h 5)
(4 i 5)
(4 j 5)
(4 k 5)
(4 l 5)
(4 m 5)
(4 n 5)
(4 o 5)
(4 p 5)
(4 q 5)
(4 r 5)
(4 s 5)
(4 t 5)
(4 u 5)
(4 v 5)
(4 w 5)
(4 x 5)
(4 y 5)
(4 z 5)
(4 _ 6)
(4 - 6)
(4 . 6)
(4 @ 6)
(5 0 6)
(5 1 6)
(5 2 6)
(5 3 6)
(5 4 6)
(5 5 6)
(5 6 6)
(5 7 6)
(5 8 6)
(5 9 6)
(5 a 6)
(5 b 6)
(5 c 6)
(5 d 6)
(5 e 6)
(5 f 6)
(5 g 6)
(5 h 6)
(5 i 6)
(5 j 6)
(5 k 6)
(5 l 6)
(5 m 6)
(5 n 6)
(5 o 6)
(5 p 6)
(5 q 6)
(5 r 6)
(5 s 6)
(5 t 6)
(5 u 6)
(5 v 6)
(5 w 6)
(5 x 6)
(5 y 6)
(5 z 6)
(5 _ 6)
(5 - 6)
(5 . 6)
(5 @ 6)
(6 a 6)
(6 b 6)
(6 c 6)
(6 d 6)
(6 e 6)
(6 f 6)
(6 g 6)
(6 h 6)
(6 i 6)
(6 j 6)
(6 k 6)
(6 l 6)
(6 m 6)
(6 n 6)
(6 o 6)
(6 p 6)
(6 q 6)
(6 r 6)
(6 s 6)
(6 t 6)
(6 u 6)
(6 v 6)
(6 w 6)
(6 x 6)
(6 y 6)
(6 z 6)
(6 _ 6)
(6 - 6)
(6 . 6)
(6 @ 6)
#
a.b.c@d.e.fg
jsmith
jsmith@olympus
jsmith@olympus.gov
_jsmith-example.olympus@states.us
jsmith.edu, jsmith@a.b.c
john@mail.office